angle_min: -3.12414
angle_max: 3.14159
angle_increment: 0.0174533
time_increment: 0.000218382
range_min: 0.15
range_max: 12
ranges:[3.414,3.422,3.421,3.44,3.436,inf,3.476,3.473,3.487,3.496,3.507,3.524,3.52,inf,inf,inf,3.556,2.354,2.343,2.316,1.844,1.851,inf,inf,1.261,1.249,1.26,inf,1.298,1.343,1.386,1.397,1.415,inf,1.406,1.453,inf,3.328,3.326,3.352,3.484,inf,inf,inf,inf,inf,4.692,inf,inf,inf,inf,inf,inf,inf,inf,1.519,1.946,1.953,inf,3.334,inf,3.165,3.097,inf,1.678,inf,2.918,2.906,3.008,2.815,inf,inf,1.5,inf,2.831,2.833,2.855,inf,inf,0.853,0.843,0.85,inf,1.375,1.302,1.259,1.284,inf,1.291,1.304,1.318,1.332,1.342,1.356,inf,1.377,1.392,1.409,1.428,1.432,inf,5.003,4.345,4.088,inf,4.127,4.03,3.269,3.237,2.059,1.854,inf,3.301,inf,2.219,3.42,inf,inf,1.988,2.052,inf,1.786,1.762,2.164,1.947,2.464,inf,2.263,2.279,2.387,2.485,2.434,2.381,2.33,inf,2.285,2.248,2.234,3.029,inf,3.396,3.393,3.378,3.363,3.364,3.354,inf,3.363,3.351,3.347,inf,3.339,inf,3.33,3.325,inf,inf,inf,inf,inf,inf,inf,inf,inf,inf,3.395,inf,3.313,3.328,3.339,3.358,3.363,3.116,inf,3.373,3.437,inf,inf,1.454,2.88,inf,2.869,2.714,2.839,2.918,inf,inf,inf,1.393,1.403,inf,inf,1.774,1.737,1.748,inf,1.761,1.773,1.789,1.806,1.827,1.848,inf,1.87,1.89,1.894,1.867,1.831,1.812,inf,1.785,1.766,1.74,1.728,1.83,1.88,inf,1.865,1.841,1.326,1.308,1.295,1.286,1.272,inf,1.266,1.253,1.229,1.266,1.327,inf,1.444,1.515,1.496,1.963,inf,3.523,3.499,3.472,3.494,3.482,inf,3.483,3.472,3.453,3.45,3.462,3.435,inf,3.324,3.225,3.149,3.106,3.255,3.078,inf,3.089,3.123,2.938,3.601,3.625,3.652,inf,inf,inf,inf,inf,inf,inf,inf,inf,inf,inf,inf,2.239,3.43,inf,3.592,3.633,3.604,3.734,3.814,inf,3.887,4.354,4.147,4.539,4.627,4.497,2.908,2.404,inf,4.424,inf,inf,inf,2.086,1.825,inf,inf,inf,inf,1.534,1.868,1.839,1.851,inf,inf,inf,1.855,2.06,1.532,1.519,1.507,inf,1.499,1.494,1.48,1.477,1.467,1.459,inf,1.46,1.454,1.508,1.648,1.645,inf,1.735,1.739,1.549,1.558,inf,inf,inf,inf,inf,inf,inf,inf,3.55,3.527,3.513,3.516,3.488,inf,3.488,3.48,3.475,3.466,inf,3.423,inf,3.417,3.408,3.417,3.405,3.411,3.42,inf,]
intensities:[47,47,47,47,47,0,47,47,47,47,47,47,47,0,0,0,47,47,47,47,47,47,0,0,47,47,47,0,47,47,47,47,47,0,47,47,0,47,47,47,47,0,0,0,0,0,47,0,0,0,0,0,0,0,0,47,47,47,0,47,0,47,47,0,47,0,47,47,47,47,0,0,47,0,47,47,47,0,0,47,47,47,0,47,47,47,47,0,47,47,47,47,47,47,0,47,47,47,47,47,0,47,47,47,0,47,47,47,47,47,47,0,47,0,47,47,0,0,47,47,0,47,47,47,47,47,0,47,47,47,47,47,47,47,0,47,47,47,47,0,47,47,47,47,47,47,0,47,47,47,0,47,0,47,47,0,0,0,0,0,0,0,0,0,0,47,0,47,47,47,47,47,47,0,47,47,0,0,47,47,0,47,47,47,47,0,0,0,47,47,0,0,47,47,47,0,47,47,47,47,47,47,0,47,47,47,47,47,47,0,47,47,47,47,47,47,0,47,47,47,47,47,47,47,0,47,47,47,47,47,0,47,47,47,47,0,47,47,47,47,47,0,47,47,47,47,47,47,0,47,47,47,47,47,47,0,47,47,47,47,47,47,0,0,0,0,0,0,0,0,0,0,0,0,47,47,0,47,47,47,47,47,0,47,47,47,47,47,47,47,47,0,47,0,0,0,47,47,0,0,0,0,47,47,47,47,0,0,0,47,47,47,47,47,0,47,47,47,47,47,47,0,47,47,47,47,47,0,47,47,47,47,0,0,0,0,0,0,0,0,47,47,47,47,47,0,47,47,47,47,0,47,0,47,47,47,47,47,47,0,]
seq: 435
stamp: 1567150483.364252020
frame_id: laser